0.019311984613636923 
0.020491159969878936 
0.021629027673611745 
0.02268010845284607 
0.024035256978095276 
0.024515346301541285 
0.02454583156611534 
0.025615046995426383 
0.02639657772829196 
0.026422938067980795 
0.026606744957007322 
0.027174132562322484 
0.028290503340826945 
0.028641081980595118 
0.029275424671027395 
0.029385295882548235 
0.029770596969910912 
0.029853033968151976 
0.03043758212834291 
0.030865170581932944 
0.03153992137242767 
0.03229037351150055 
0.033420618254922374 
0.03357195346632125 
0.033992065745223954 
0.03416757186334962 
0.034569239675874996 
0.03525829736952346 
0.03553376976230993 
0.04006312775868537 
