0.025093586112234334 
0.031492896155100425 
0.032641806970787 
0.03551143809909263 
0.08355887825700847 
0.09731570375015508 
5.46476331555823 
7.730393560830976 
10.831702741586241 
14.658440975099097 
196.34317764487503 
208.25356274616774 
210.59203648766947 
321.3532290733175 
406.8754405422086 
409.2597608101687 
409.815250065216 
556.5433037504912 
565.6634076148413 
568.7042044355971 
571.1251987317773 
581.0707250515302 
626.264356575899 
635.6134614302537 
668.5891569923692 
749.2520780940786 
808.0155237961776 
818.3497638773724 
820.9231732005878 
823.0129842137839 
